21524
21525
22206
26000
26012
26013
26040
26041
33358
33359
33360
33361
33362
33363
33364
33372
33373
33374
33375
33376
33377
33378
33390
33391
33392
33393
33394
33395
33396
33404
33405
33406
33407
33408
33409
33410
33437
33438
33439
33440
35032
35033
35037
35570
35571
35572
35573
35574
35575
35576
35577
35578
35583
35584
35585
35587
35588
35589
35590
35591
35592
35595
35596
35597
35598
35599
35600
35601
35602
35603
35604
35605
35606
35607
35608
35609
35610
35611
35612
35613
35614
35617
35618
35619
35620
35630
35631
35632
35633
35634
35635
35649
35650
35651
35655
35656
35657
35658
35659
35660
35661
35662
35663
35670
35672
35673
35675
35676
35677
35678
35679
35680
36027
36028
36029
36030
36031
36032
36033
36034
36035
36036
36037
36038
36039
36040
36041
36042
36139
36140
36141
36142
36143
36144
36145
36146
36147
36148
36149
36150
36151
36152
36153
36154
36251
36252
36253
36254
36255
36256
36257
36258
36259
36260
36261
36262
36263
36264
36265
36266
36363
36364
36365
36366
36367
36368
36369
36370
36371
36372
36373
36374
36375
36376
36377
36378
36412
36413
36426
36427
36440
36441
36455
36468
36469
36482
36483
36496
36497
36510
36511
36524
36525
36538
36539
36552
36553
36566
36567
36580
36581
36594
36595
36608
36609
36622
36623
36636
36637
36650
36651
36664
36665
36678
36679
36692
36693
36706
36707
36720
36721
36943
36944
36945
36946
36947
36948
36949
36950
36951
36952
36953
36954
36961
36962
36969
36971
36972
36973
36974
36975
36979
36980
36981
36982
36983
36984
36985
36986
36988
36989
36991
36992
36993
36994
36995
36996
37037
37038
37040
37043
37048
37050
37051
37052
37053
37055
37056
37057
37058
37060
37061
37062
37064
37065
37066
37067
37079
37081
37082
37083
37084
37086
37088
37095
37096
37099
37105
37106
37291
37292
37293
37294
37360
37361
37362
37363
37653
37654
37655
37656
38611
38613
38614
39139
39140
39141
39146
39188
39189
39190
39191
39192
39193
39194
39195
39196
39197
39198
39199
39200
39215
39216
39217
39221
39224
39225
39226
39228
39229
39230
39231
39232
39233
39234
39235
39236
39237
39239
39240
39241
39242
39243
39244
39245
39246
39247
39248
39249
39250
39251
39252
39254
39255
39256
39257
39258
39259
39260
39261
39262
39267
39270
39271
39272
39273
39274
39275
39276
39277
39278
39279
39280
39281
39282
39283
39284
39285
39291
39292
39293
39294
39295
39296
39297
39298
39299
39306
39307
39308
39309
39310
39311
39344
39345
39369
39379
39386
39388
39389
39390
39391
39392
39394
39396
39398
39399
39401
39403
39404
39405
39407
39408
39409
39415
39416
39417
39419
39420
39421
39422
39423
39424
39425
39426
39492
39493
39495
39497
39498
39500
39515
39517
39519
39523
39528
39530
39534
39535
39536
39538
39539
39543
39544
39546
39547
39554
39555
39557
39558
39560
39564
39579
39580
39582
39588
39589
39591
39592
39593
39595
39597
39606
39607
39609
39611
39612
39617
39618
39620
39622
39623
39624
39626
39629
39630
39632
39633
39634
39636
39638
39639
39641
39657
40426
40427
40428
40429
40430
40781
40782
40783
40801
40802
40803
40804
40805
40806
40807
40808
40809
40810
40811
40812
40840
40841
40842
40844
40845
40846
40847
40849
40850
40851
40852
40879
40880
40881
40882
40883
40884
40888
40889
40890
40904
40925
40926
40927
40928
40937
40938
40939
40940
40974
40975
40976
40977
40978
40979
40982
40983
40984
40988
40989
40999
41000
41001
41002
41005
41006
41007
41008
41025
41026
41027
41028
41031
41032
41033
41034
41048
41051
41052
41054
41055
41056
41059
41060
41061
41064
41065
41066
41069
41070
41071
41074
41075
41076
41085
41135
41136
41137
41138
41141
41142
41143
41144
41162
41198
41199
41200
41203
41204
41205
41206
41224
41225
41226
41229
41230
41231
41234
41235
41236
41284
41286
41287
41288
41291
41292
41293
41294
41296
41297
41298
41299
41302
41303
41304
41305
41308
41314
41616
41617
41618
41620
41621
41622
41624
41625
41626
41629
41630
41631
41634
41635
41636
41639
41640
41641
41653
41654
41655
41656
41659
41665
41666
41667
41668
41765
41766
41767
41768
41771
41772
41773
41774
41831
41832
41833
41835
41836
41837
41839
41840
41841
41848
41857
41862
41863
41864
41865
41872
41873
41874
41875
41880
41881
41882
41884
41885
41886
41892
41893
41894
41897
41898
41899
41902
41903
41904
41908
41909
41910
41919
41925
41926
41927
41928
41938
41939
41940
41941
41950
41957
41958
41959
41960
41969
41970
41971
41972
42001
42003
42004
42005
42006
42015
42016
42017
42018
42028
42029
42030
42031
42032
42033
42034
42035
42036
42037
42038
42039
42040
42041
42042
42043
42044
42045
42046
42047
42062
42063
42064
42065
42066
42067
42068
42069
42070
42071
42072
42073
42074
42075
42076
42077
42078
42079
42080
42081
42082
42114
42115
42116
42117
42118
42119
43277
43278
43279
43305
43306
43309
43310
43311
43312
43313
43363
43375
43382
43387
43988
43989
43990
43991
43992
43993
43994
43995
43996
43998
44731
45282
45283
45284
45285
45286
45287
45288
45289
45291
45292
45293
45295
45296
45297
45298
45299
45300
45301
45302
45303
45304
45305
45306
45307
45308
45309
45310
45311
45312
45313
45314
45316
45317
45318
45321
45337
45338
45341
45343
45345
45347
45351
45353
45355
45357
45360
45362
45367
45370
45371
45376
45379
45383
45384
45387
45388
45392
45394
45397
45399
45401
45403
45406
45409
45414
45416
45419
45420
45426
45427
45430
45432
45675
45676
45677
45679
45680
45682
45685
45686
45687
45694
45707
45708
45709
45711
45712
45713
45832
45864
45865
45866
45867
45868
45869
45870
45871
45996
45997
46008
46009
46010
46011
46012
46013
46014
46015
46016
46018
46019
46021
46022
46024
46025
46028
46030
46031
46032
46033
46034
46035
46036
46067
46068
46095
46096
46097
46131
46312
46373
46374
47578
47607
47608
47609
47610
47611
47612
47613
47614
47615
47616
47617
47618
47619
47620
47621
47663
47669
47676
47679
47680
47683
47703
47711
47741
47742
47743
47744
47745
47746
47747
47750
47752
47773
47775
47783
47785
47800
47802
47808
47809
47810
47811
47812
47813
47814
47815
47816
47829
47830
47832
47834
47835
47836
47837
47838
47849
47850
47851
47852
47853
47854
47855
47856
47857
47858
47859
47860
47861
47862
47863
47864
47865
47866
47867
47868
47869
47870
47871
47872
47889
47890
47891
47892
47893
47894
47895
47896
47897
47898
47899
47900
47901
47902
47903
47904
47905
47906
47907
47908
47909
47910
47911
47913
47980
47982
48067
48069
48072
48074
48097
48099
48130
48132
48153
48155
48160
48162
48183
48185
48190
48192
48213
48215
48220
48222
48244
48246
48252
48254
48276
48278
48282
48284
48296
48298
48312
48314
48337
48339
48342
48344
48367
48369
48373
48375
48387
48389
48445
48449
48457
48459
48476
48480
48502
48504
48533
48537
48559
48561
48568
48574
48596
48598
48603
48605
48628
48630
48633
48635
48653
48655
49231
49232
49235
49236
49296
49297
49298
49299
49302
49303
49304
49305
49306
49307
49308
49309
49310
49315
49316
49317
49318
49319
49320
49321
49322
49323
49324
49325
49326
49327
49328
49329
49330
49331
49332
49333
49437
49463
49783
49784
49785
49786
49787
49788
49789
49790
49791
49792
49793
49794
49795
49796
49797
49798
49799
49800
49801
49802
49803
49804
49805
49806
49807
49808
49809
49810
49811
49812
49813
49816
49817
49818
49819
49820
49821
49822
49823
49824
49825
49826
49827
49828
49829
49830
49831
49832
49833
49834
49835
49836
49837
49838
50079
50081
50088
50090
50095
50097
50107
50109
50114
50116
50240
50242
50275
50277
50325
50327
50339
50341
50342
50391
50393
50759
50760
50761
50762
50763
50764
50766
50769
50771
50772
50773
50774
50775
50776
50777
50778
50779
50780
50781
50782
50783
50784
50785
50786
50810
50811
50812
50820
50822
50825
50827
50831
50833
50836
50838
50842
50844
50847
50849
50852
50854
50856
50858
50859
50861
50863
50866
50868
50966
50967
50985
50986
50988
50990
50998
50999
51000
51001
51002
51003
51004
51005
51006
51007
51008
51009
51010
51011
51012
51013
51014
51015
51016
51017
51018
51019
51020
51021
51022
51023
51024
51025
51325
51326
51379
51380
51381
51382
51383
51384
51385
51386
51387
51548
51550
51551
51552
51553
51554
51555
51556
51779
51782
51783
51784
51785
51786
51787
51788
51789
51790
51791
51792
51795
51796
51797
51798
51799
51800
51801
51802
51803
53103
53110
53111
53112
53113
53114
53115
53116
53117
53118
53119
53121
